[0, 19.72999954223633, 329.01938979446186, 18.00338310612836, 48.731933906557934, 2.253766300674011, 3]
[1, 8.470000267028809, 172.3000433666241, 7.38517822488884, 64.71548520494312, 1.7166182062178326, 4]
[2, 15.56999969482422, 3462.211642562739, 12.986387400887073, 273.6623118377748, 1.0610211513831767, 5]
[3, 16.46999931335449, 2208.642973687192, 13.856272018956632, 354.43006134033226, 1.2632838007229485, 5]
[4, 9.75, 430.03418146604383, 7.823214021466442, 520.8823453643139, 1.0674505125748546, 8]
[5, 13.57999992370605, 241.769319249231, 12.306648934986574, 122.57655806886122, 0.6061891445850615, 5]
[6, 8.329999923706055, 1144.9555491335527, 7.560163779960132, 88.37687420658874, 1.1157302792874648, 2]
[7, 17.40999984741211, 3769.411549646509, 14.992103344058473, 424.7124757934369, 0.626343786733297, 4]
[8, 11.56999969482422, 5166.400745781849, 9.090025873846804, 270.18765726313075, 0.7120116681105567, 5]
[9, 14.15999984741211, 789.1954975906506, 12.061667573933974, 189.34543393552357, 0.5010282413148915, 4]
[10, 13.5600004196167, 972.2008461509897, 12.00205541968495, 201.38400223385543, 0.7598296414184301, 2]
[11, 18.11000061035156, 20.283698139153785, 15.063942832421015, 343.25584608456035, 0.8538659935037882, 3]
[12, 8.539999961853027, 1094.6259937264235, 6.9802731145329835, 54.77910505374877, 1.6061636140359996, 3]
[13, 15.48999977111816, 11.702596215760082, 12.91475070042189, 205.19673236692324, 1.0133511620475713, 5]
[14, 8.390000343322754, 2907.454335895712, 6.955736565443839, 192.88674697279757, 1.2072778545008656, 3]
[15, 13.15999984741211, 8661.314457000677, 10.329989757419506, 940.2247619628888, 1.1234015979273804, 10]
[16, 12.85000038146973, 2493.7256863006273, 10.95835099403777, 157.69583094492555, 1.4980532363272943, 6]
[17, 8.720000267028809, 2443.9511259219794, 7.9592582057784185, 253.949773889035, 1.188096078017989, 3]
[18, 7.559999942779541, 1428.7442340514149, 6.847289790407703, 34.45441996154798, 0.5721652461917475, 2]
[19, 10.64000034332275, 1160.55488058845, 8.639538047083116, 174.90076138917357, 0.9992434045870989, 5]
[20, 14.73999977111816, 2267.815672302445, 12.63530461459405, 178.79485081939492, 0.728142314620965, 3]
[21, 16.20999908447266, 295.89094339184044, 14.724539264714164, 244.0845138793793, 0.6432233938723609, 3]
[22, 12.53999996185303, 3914.4336866559274, 9.05793502466959, 533.1456071228006, 2.259765475600353, 15]
[23, 14.21000003814697, 8914.379265253376, 11.63550935226922, 417.0173244141053, 1.1786276335813493, 10]
[24, 13.72999954223633, 1571.2381433118633, 12.33701819302443, 248.61132288817188, 1.0990684433406122, 3]
[25, 10.27999973297119, 3801.5516952284343, 9.335852952794744, 120.51460561528788, 0.7952867562113489, 2]
[26, 12.0600004196167, 1478.8828325150125, 8.849181894794967, 370.82876720582186, 1.0905629776124668, 8]
[27, 12.4399995803833, 188.367642841347, 11.467014581807222, 93.54557091672905, 0.810985312378349, 3]
[28, 16.8700008392334, 338.55946778473333, 14.80784911989696, 206.38565183104959, 0.9321232782595147, 3]
[29, 9.75, 2953.2558355871524, 8.253902735794073, 382.6637517395402, 1.3477743909617286, 4]
[30, 18.70999908447266, 6819.514816083933, 16.229314474697585, 328.10252329101917, 0.9754636293294989, 6]
[31, 12.07999992370605, 6030.525391125344, 9.180117004061037, 604.9999237060525, 0.9679998779296841, 13]
[32, 9.800000190734863, 3691.8039255529748, 9.134811780911877, 139.08924521505728, 0.6298785045961292, 2]
[33, 20.8799991607666, 3997.4595774660174, 18.648313130714044, 60.25313209230091, 1.0542322969732707, 3]
[34, 19.61000061035156, 1109.9542978814595, 14.733411892009403, 593.7092049438503, 1.3709755947335533, 9]
[35, 10.89000034332275, 2539.0011549727274, 9.139878512587455, 216.56520252674738, 0.9037454977732863, 3]
[36, 13.8100004196167, 2298.3669987998856, 10.926355862929025, 197.93263090820824, 1.082841071456787, 3]
[37, 11.14999961853027, 3563.7801077023696, 9.021864629232697, 264.29925603046917, 0.8996499562000095, 3]
[38, 11.09000015258789, 4000.2927498271397, 7.981353967222359, 223.83980719605287, 0.6824952942980532, 4]
[39, 12.35000038146973, 29.92947114566827, 11.64003244185003, 42.240909179673054, 1.503777278747033, 2]
[40, 14.22000026702881, 485.22277841880765, 13.063934918632532, 54.4260782469064, 0.6159551327835855, 3]
[41, 14.4399995803833, 2505.6486659149714, 13.473392285514645, 73.72316199494526, 1.5529721356058324, 4]
[42, 14.30000019073486, 3344.199382911651, 10.902686647575633, 362.33380680228515, 1.4171336225406064, 2]
[43, 14.85000038146973, 7878.8460156262345, 11.776799029064815, 312.42065019533146, 0.8546025371733594, 9]
[44, 13.72000026702881, 2884.5816350473483, 12.135388278083537, 344.1372061278685, 1.2164079991581411, 5]
[45, 16.29000091552734, 1246.1610706579995, 14.011491528203932, 232.98814449459314, 0.9123917178476487, 3]
[46, 14.44999980926514, 16286.603699008141, 11.6068601316307, 160.03266946971416, 1.6765549252836223, 7]
[47, 12.55000019073486, 8966.775182078003, 10.375636955623133, 399.2959799803802, 0.5397053708669446, 9]
[48, 16.13999938964844, 627.9846395892546, 13.8138145275794, 113.57133914809674, 1.5645544320392002, 3]
[49, 16.86000061035156, 937.3942856905849, 14.513847739935247, 147.06994817696255, 0.6201301431697556, 2]
[50, 12.30000019073486, 965.0417628756807, 10.50172176336634, 249.83181164553315, 1.116310594052746, 3]
[51, 10.52999973297119, 2783.063966150168, 9.278344702459282, 256.62297106906965, 0.8932171683617961, 2]
[52, 14.07999992370605, 1537.7351498750168, 10.895146028149897, 473.3919297605753, 1.2669409509856238, 12]
[53, 8.829999923706055, 867.3415217897913, 7.376841508577455, 76.56089931633373, 0.9908968131902405, 2]
[54, 17.84000015258789, 6522.359490666871, 14.912384579052055, 388.487901709042, 1.2950345525088875, 9]
[55, 14.47000026702881, 9976.155564266082, 10.938171430767985, 389.41196362301827, 1.1195716737874337, 4]
[56, 9.90999984741211, 3473.183528704085, 8.549199737174801, 177.9460731446753, 0.5823800944160484, 3]
[57, 18.67000007629395, 2821.5584433803947, 15.784694717746836, 328.6932151000955, 0.8063396141998141, 5]
[58, 8.579999923706055, 832.1717221206608, 7.449964445326064, 64.90261453855791, 1.767328552579864, 3]
[59, 10.81999969482422, 1885.708869471768, 9.531340367695284, 252.34058319125143, 0.8680353323369634, 3]
[60, 13.26000022888184, 26814.944633766696, 10.056483183219921, 3986.3081742553054, 0.25655846411742245, 5]
[61, 9.920000076293945, 1280.6035826418824, 8.277647580046393, 171.50104670412816, 0.7288132558523474, 4]
[62, 9.899999618530273, 1863.9587613646304, 7.821925000507754, 122.41795041505303, 0.7797278503980889, 2]
[63, 7.539999961853027, 2568.921678078416, 6.548222016755553, 120.25206584483317, 0.8199838717806516, 2]
[64, 13.4399995803833, 503.347961347842, 10.37985871759598, 1087.130243908614, 1.3025277103775668, 10]
[65, 8.079999923706055, 227.59562223477715, 7.396196043534244, 59.85328132286718, 0.7522460569981931, 2]
[66, 13.28999996185303, 514.374415809323, 11.94433444363336, 385.6759019652373, 0.5458986146543996, 7]
[67, 18.98999977111816, 4802.066156010463, 17.33482557743105, 155.63704033195972, 2.348889522067094, 4]
[68, 14.67000007629395, 2937.39766381889, 11.433320448575646, 270.8872222900401, 0.9748060383493001, 10]
[69, 12.23999977111816, 388.85717740142695, 9.30622478215083, 590.0721024780047, 1.1193375188658032, 13]
[70, 11.89000034332275, 6265.45226660793, 9.451997419186709, 236.58171196281694, 1.543616947848994, 4]
[71, 7.420000076293945, 596.0207856945639, 6.70939759135725, 48.30306892096996, 2.0619809958574247, 2]
[72, 8.270000457763672, 2679.3322137913037, 7.255005928490666, 173.1957871094346, 1.1560461753266182, 5]
[73, 14.89000034332275, 1850.6992312582943, 10.844484773112018, 816.5284257568403, 1.0031544459075121, 13]
[74, 12.56999969482422, 5819.010925765191, 10.318928420791076, 331.4920015623793, 0.6142911005109032, 8]
[75, 11.55000019073486, 330.4796398704128, 10.294299609835107, 125.9990847166623, 1.8969366319801921, 2]
[76, 16.51000022888184, 475.4088557126465, 13.088362213717685, 423.32411539927074, 1.235548260944114, 10]
[77, 19.6299991607666, 641.5081590050224, 17.764524146935035, 156.93032120665885, 0.7012036575215878, 2]
[78, 12.11999988555908, 1234.2063434113538, 10.996164378677706, 56.04806872550347, 1.4580605625067813, 2]
[79, 8.100000381469727, 514.2026053441875, 7.0804512369580666, 93.58838243409919, 0.5866984004252601, 3]
[80, 11.89999961853027, 3090.306355681759, 9.66003649508732, 199.65213696286162, 0.9901398219666239, 4]
[81, 9.109999656677246, 607.801926268512, 7.288353153177209, 133.7638723142453, 1.5074350285414295, 5]
[82, 11.1899995803833, 2919.6420471828146, 8.691812972566552, 235.57734265089744, 0.6163686444762351, 3]
[83, 14.80000019073486, 1582.159315756566, 11.457022978556427, 255.7702365964651, 1.1352409687545746, 10]
[84, 12.10999965667725, 12.077832726714348, 8.893781562924977, 277.81050215911915, 1.03416726016748, 9]
[85, 12.25, 3953.0104577331736, 10.02798600172737, 150.31289152800974, 1.2377459125348877, 2]
[86, 12.10000038146973, 110.29710751601104, 8.970720252655555, 329.6032168975788, 1.0027584506218434, 8]
[87, 12.59000015258789, 12816.775561741604, 10.802946826436921, 188.68893956299797, 1.1096619431540227, 4]
[88, 11.60000038146973, 2350.4138010778743, 9.31993714426631, 334.37933153228374, 0.8122224052173156, 6]
[89, 11.39999961853027, 1960.0394734808294, 8.95181042522692, 97.23205395508579, 1.0911017360101019, 3]
[90, 9.770000457763672, 5577.527976041014, 7.698610667381292, 189.43676026631226, 1.0287409959497191, 4]
[91, 20.09000015258789, 1247.8542229408995, 18.348945536068694, 169.38463690311778, 0.6733927770970256, 2]
[92, 19.53000068664551, 9431.614219621139, 16.71426811496031, 347.4843083862215, 1.222421027100212, 3]
[93, 11.64999961853027, 3035.8067805598967, 10.08581979617928, 121.88699047826151, 1.6103401828246013, 2]
[94, 7.230000019073486, 339.9800237918856, 6.466080832974355, 57.385186962782775, 1.6941534266687805, 2]
[95, 14.75, 637.9140902762389, 13.514892762083107, 281.1876678466789, 0.6723712367894054, 4]
[96, 14.81999969482422, 209.09917957725008, 11.633911813728112, 260.23176502995193, 1.0845710790108278, 8]
[97, 20.79000091552734, 1905.6449253001629, 18.498043871300027, 200.04474972267056, 1.0831496860663303, 3]
[98, 12.48999977111816, 5168.9781714724, 9.096229746193204, 487.84421376348695, 2.0650607720326484, 15]
[99, 13.01000022888184, 687.8894286775912, 9.443560856269299, 168.82847947999923, 1.402918225696514, 2]
[100, 14.28999996185303, 165.4428153325775, 13.87739995320638, 12.042823435970956, 2.1260458339745623, 3]
[101, 12.47999954223633, 119.74551938256599, 12.02309376001358, 12.242958862334923, 0.43584959981574856, 3]
[102, 14.71000003814697, 174.9090040551137, 14.220723197347208, 12.738615235139163, 2.2301402987933368, 3]
[103, 8.520000457763672, 269.25193219300803, 8.070474680465988, 11.11912824679194, 2.177017081898534, 3]
[104, 5.309999942779541, 183.11150939606063, 4.681360945193725, 14.421159729361891, 2.726073745803799, 3]
[105, 13.23999977111816, 195.88645949755568, 12.880516132231682, 11.658639608765952, 1.807080594970624, 2]
[106, 7.730000019073486, 12.83236031996266, 7.4155625194311146, 10.351599365472794, 0.390291308160895, 2]
[107, 5.829999923706055, 181.06971542494364, 5.444791674613953, 11.703999877907487, 1.6541307664949791, 2]
[108, 5.929999828338623, 43.88669319353538, 5.548743457694329, 7.487151806708367, 0.4872460101206516, 2]
[109, 6.960000038146973, 69.98912031862561, 6.598358218349627, 13.02003982546711, 1.35483751882736, 3]
[110, 8.039999961853027, 95.16538697560168, 7.205996097996831, 16.69115595705844, 0.392638323964305, 3]
[111, 8.130000114440918, 93.38605065385235, 7.72747970079665, 11.81399335479385, 0.4096839410333832, 3]
[112, 6.46999979019165, 63.28029018608656, 6.036845255465734, 9.569062634371328, 2.707481778484844, 3]
[113, 6.659999847412109, 9.600639309890793, 6.335733804279627, 11.56802493287271, 1.9916994846209721, 2]
[114, 7.110000133514404, 323.89059618531894, 6.654289152536047, 15.961848016362561, 2.1734383621805957, 3]
[115, 13.1899995803833, 109.64307661324696, 12.698274659438871, 8.638472198508413, 0.44018062578358236, 3]
[116, 5.800000190734863, 110.1635607346906, 4.9705371896097486, 6.761429284699153, 1.8534040615462977, 3]
[117, 9.050000190734863, 43.88844390914532, 8.664898608181927, 10.39442204055321, 2.2910741661414487, 2]
[118, 5.599999904632568, 86.73797889429552, 5.154104034335627, 12.988798419188468, 0.8282823125729548, 3]
[119, 7.389999866485596, 160.69036396473024, 7.074113924292069, 10.079956054687386, 2.5199890136718466, 2]
[120, 13.77999973297119, 43.180013589184114, 13.383910252497746, 8.302687573246658, 0.4963326642839693, 2]
[121, 9.399999618530273, 102.9585586189115, 9.034654095487774, 8.390262646600762, 2.5329655588717497, 2]
[122, 11.39000034332275, 114.54932194310477, 10.89331320682204, 10.617531836032867, 0.5290190735694823, 2]
[123, 7.829999923706055, 223.534682224034, 7.353422809767243, 10.478857666254044, 0.42083761436469497, 2]
[124, 6.599999904632568, 151.88367634306917, 5.664529054102774, 14.490272607654468, 2.6017043397300195, 4]
[125, 11.46000003814697, 132.4583325348928, 11.000261224917512, 8.8595635131934, 0.4836431438818722, 3]
[126, 9.369999885559082, 173.72926135083284, 8.957898523496544, 9.047940399177605, 2.0913593798142522, 2]
[127, 8.59000015258789, 43.34155086695464, 8.064266646703084, 17.744176061824046, 2.2155304419091264, 3]
[128, 14.23999977111816, 54.27925088841339, 13.873006967397837, 7.916990592959337, 0.4802955734451811, 2]
[129, 7.710000038146973, 57.56823306533394, 7.11554247253346, 12.275102734565735, 2.4464305177111716, 4]
[130, 6.090000152587891, 140.28535189662443, 5.626708054394456, 10.559918823186582, 2.181837728363494, 2]
[131, 5.820000171661377, 33.18663147414915, 5.22288572038923, 17.737953979522093, 0.738775433941813, 3]
[132, 6.550000190734863, 64.10940177379291, 6.106586823206462, 16.119377313181758, 1.152410813369019, 3]
[133, 13.42000007629395, 385.5544868956671, 12.73730196811185, 11.969993591308295, 2.30263281176807, 3]
[134, 6.010000228881836, 7.139851924121206, 5.632062916989093, 18.28650506585808, 0.7285402758150075, 3]
[135, 13.75, 84.45436372545717, 13.160470275595637, 13.042411096160842, 0.4343051974449803, 3]
[136, 7.289999961853027, 59.918111239045885, 6.720104711842162, 10.258886462543018, 0.41365627968256313, 3]
[137, 5.039999961853027, 106.59958552633294, 4.6265413384688525, 8.27518024854362, 2.2448262707823377, 3]
[138, 6.579999923706055, 31.38263757754264, 5.827500010023312, 7.465450219809917, 0.35589493463399474, 2]
[139, 9.579999923706055, 56.130508497004975, 9.12241989692335, 10.579201641841545, 2.0350902142924605, 3]
[140, 6.090000152587891, 164.2681567395345, 5.603342843736921, 16.914981842040774, 0.9364695829503543, 3]
[141, 8.029999732971191, 65.0623366555914, 7.684335635258601, 8.861627844162285, 2.028721617872527, 2]
[142, 5.96999979019165, 63.58635320037757, 5.6010457363004, 8.76963797584176, 2.4549990311955048, 2]
[143, 6.119999885559082, 231.24948366798253, 5.5495973193405455, 9.864785266108617, 0.4427957197814598, 2]
[144, 7.380000114440918, 84.81377140974979, 7.090813552727133, 11.033408776856797, 0.4466802163861584, 2]
[145, 7.539999961853027, 32.616798319598644, 7.2320245146020055, 8.171869531274055, 0.42791698092124364, 2]
[146, 6.28000020980835, 128.8490884282574, 5.905503849650538, 13.731033843941987, 1.1536178681999116, 3]
[147, 13.73999977111816, 431.09446752228087, 13.417676777952046, 11.954796862788635, 0.4898779297478229, 2]
[148, 13.48999977111816, 30.803016105184373, 12.948115511143461, 10.667248852550983, 0.47881550447741894, 3]
[149, 6.449999809265137, 169.43544909208111, 5.973707163445304, 15.37852768553433, 0.8474221117407349, 2]
[150, 6.079999923706055, 5.577980812960091, 5.698220063181757, 10.394948272733359, 0.4242408362438169, 2]
[151, 6.239999771118164, 59.344331667564326, 5.809615391951341, 10.648051025346046, 2.1999861284505737, 3]
[152, 8.489999771118164, 284.01367721163865, 7.8012296649043, 16.843111645430326, 2.4166830429907407, 3]
[153, 11.05000019073486, 252.15806422127264, 10.605151530468103, 9.068306619301438, 2.3131531288532674, 2]
[154, 6.230000019073486, 57.53386711436907, 6.063490548223819, 8.135069448850118, 1.8985581494777346, 1]
[155, 10.02999973297119, 26.203567396284008, 9.67212496995926, 17.211176403798063, 1.429391847324208, 3]
[156, 14.68000030517578, 61.23786105100854, 14.25247495708657, 16.07047005614732, 2.6128914661908587, 2]
[157, 7.46999979019165, 177.23677102485874, 7.102154345374399, 10.878963867202113, 0.42490018455302064, 2]
[158, 9.34000015258789, 0.9731714620164049, 8.869337726113022, 8.996388619998326, 0.4270153917755431, 2]
[159, 7.0, 138.41156383284837, 6.691386887626926, 8.246098998934139, 0.43779401320553807, 2]
[160, 7.159999847412109, 21.27878224286077, 6.814188485370257, 11.18405145267038, 0.485415196424365, 3]
[161, 6.340000152587891, 127.956736998281, 5.951341856021089, 17.869040979072345, 1.2309626983427642, 3]
[162, 7.400000095367432, 168.6951343851662, 6.77286031875272, 14.46748352050794, 2.8577745225694695, 3]
[163, 6.400000095367432, 32.332175415018256, 6.277075502107728, 4.21823371574286, 1.627310119984206, 1]
[164, 5.920000076293945, 276.8748291476874, 5.4760714415665515, 13.156024536118062, 2.0553417849775557, 3]
[165, 12.21000003814697, 60.04012680079594, 11.881417893651706, 9.412217724602636, 0.3795171124796909, 2]
[166, 5.889999866485596, 311.1853672504374, 5.4690395613848155, 10.42439959105098, 0.46008507746409166, 2]
[167, 5.579999923706055, 33.742433145446675, 5.2450000232374165, 11.091667364584218, 0.5064116149183541, 2]
[168, 6.300000190734863, 6.3891930335511695, 5.662590656873475, 13.664841723628008, 2.5387848254453282, 3]
[169, 7.820000171661377, 43.9791781820472, 7.426215481362949, 11.661658667027822, 2.2831775953332363, 3]
[170, 8.239999771118164, 0.8114189337556255, 7.8373207308211414, 8.890092968940735, 0.44097656462400087, 3]
[171, 8.15999984741211, 193.07453477926478, 7.6994648888757, 12.297404590062973, 0.4264427585031265, 3]
[172, 11.43000030517578, 177.0751822043017, 11.082340458606152, 8.525100653059832, 2.602217164053295, 3]
[173, 6.730000019073486, 4.493752606700614, 6.298872739618475, 9.04042239394064, 2.151226665078691, 3]
[174, 13.42000007629395, 34.70748077236278, 13.060928617204938, 9.76745050202616, 1.964116363088919, 2]
[175, 5.699999809265137, 10.476514261774984, 5.291351369909338, 13.049191876198165, 0.7995071100787491, 3]
[176, 9.680000305175781, 85.8549912442328, 9.096596976892272, 20.394026122987597, 0.8323201933392022, 3]
[177, 6.159999847412109, 276.3043702500276, 5.873941623381454, 11.045426623895764, 2.3456199811551603, 2]
[178, 9.350000381469727, 76.25221131197767, 8.928670886196668, 8.358047363348424, 0.4738094546088743, 3]
[179, 6.119999885559082, 202.63892076815813, 5.775593890997642, 9.67510986328125, 2.092999489013797, 2]
[180, 5.980000019073486, 58.18863851558408, 5.550472971555349, 8.44594751740781, 2.0097675439902867, 3]
[181, 8.029999732971191, 113.28064069480693, 7.633376945375772, 12.560945190489827, 2.236286376512886, 3]
[182, 6.590000152587891, 77.03975204715907, 6.16631579538535, 10.441093090921903, 2.0442643980824546, 2]
[183, 9.819999694824219, 68.29037449731288, 9.316048396530972, 11.812881838995963, 2.5794218099366835, 2]
[184, 8.199999809265137, 25.01902430487383, 7.564814833833961, 12.310109045356274, 2.8181937650579876, 4]
[185, 5.96999979019165, 114.77297637772202, 5.315353271753891, 15.929535131901652, 2.3206098867819254, 4]
[186, 9.970000267028809, 139.80365202390107, 9.689816159360548, 9.234000488184423, 0.3909439696583528, 2]
[187, 10.05000019073486, 162.26634528141506, 9.62316296123468, 12.82594458013773, 2.853774399723614, 2]
[188, 9.979999542236328, 325.50936294536507, 9.432892543225249, 13.843346020673012, 2.758906554406584, 4]
[189, 8.890000343322754, 87.19451951926011, 8.482274065212328, 13.104015136719548, 0.41785671467730845, 3]
[190, 6.579999923706055, 171.39162237001216, 6.192573297295586, 10.468208996579136, 2.1826454112203275, 2]
[191, 14.46000003814697, 81.24622683568718, 14.065506754694757, 14.399986267089986, 0.5759994506835995, 2]
[192, 5.070000171661377, 100.30731872857721, 4.686477279121226, 10.516819177195572, 1.6693374834340688, 3]
[193, 5.480000019073486, 43.36613088600136, 5.090736213637276, 10.19252847880125, 0.5011029610783305, 2]
[194, 8.199999809265137, 415.76241997239316, 7.8589286123003275, 13.513929229695284, 2.4892860417294145, 2]
[195, 8.420000076293945, 65.43301641600965, 8.050594103218305, 6.467930786311626, 0.43636450109388375, 2]
[196, 5.829999923706055, 54.917436943019126, 5.337816073976714, 10.436435082927613, 0.4764988197243102, 3]
[197, 5.639999866485596, 88.98605137271457, 5.25971520852439, 11.233789874241294, 2.00000643832079, 3]
[198, 7.900000095367432, 138.9593792981033, 7.551392866883959, 9.723948913625996, 0.4977387906154439, 3]
[199, 14.22999954223633, 0.6608435987846129, 13.825804859254418, 19.421976745594495, 0.8867538505679546, 3]
[200, 5.639999866485596, 986.2106581081337, 4.920394087072664, 24.46146051026892, 5.935958147296289, 3]
[201, 7.820000171661377, 2255.744389048035, 7.254964752139641, 524.7225883179352, 1.2198639217550045, 3]
[202, 8.989999771118164, 589.9298375029929, 7.523313965908317, 39.74748548283242, 0.1036772636448368, 2]
[203, 7.300000190734863, 410.2738276295341, 6.875751877189579, 25.28570390632352, 0.1597771583689302, 3]
[204, 7.5, 850.9538287529072, 5.976554164403601, 2008.6282045287016, 1.8842257814110153, 4]
[205, 8.970000267028809, 352.4832538932293, 7.428411211922904, 9.593390237423707, 0.1451416741897177, 2]
[206, 6.590000152587891, 78.47433889397917, 5.634729723672609, 6.537612402345985, 12.611092273131861, 2]
[207, 8.170000076293945, 410.4239345599197, 6.956916106260823, 76.53535379655517, 0.12314498468001638, 2]
[208, 4.150000095367432, 2674.0630235256444, 2.9356453555340645, 415.9763252197295, 0.49021627620034686, 3]
[209, 7.099999904632568, 985.6350016365103, 5.106645872737985, 31.69923933106642, 29.307677071487173, 2]
[210, 8.130000114440918, 1084.4960251088128, 6.504459299989054, 148.0371152709685, 8.31282429554432, 4]
[211, 6.630000114440918, 439.69660831740083, 6.24666664911353, 4.180134124588237, 13.817705154524825, 2]
[212, 8.1899995803833, 107.9267721045102, 7.211153846520644, 9.374362207017475, 0.07526846435925195, 2]
[213, 9.449999809265137, 23735.12504514912, 7.382876145685446, 2677.9276701339454, 2.7126022027621164, 5]
[214, 5.210000038146973, 66.66291775497129, 4.720350024700164, 7.899881176649693, 27.093704080482112, 2]
[215, 8.84000015258789, 866.2192212479487, 7.356385802160067, 1670.462225158695, 1.6374451801530676, 5]
[216, 5.389999866485596, 3798.7015418362357, 4.653619540875969, 683.3852920532214, 1.4445983185165203, 5]
[217, 10.21000003814697, 64.23575566877133, 8.504312149431339, 198.5774694538124, 0.26469511529327316, 4]
[218, 7.300000190734863, 1286.011124121185, 6.7574799995422365, 20.41359379887581, 20.828483353884092, 2]
[219, 7.639999866485596, 272.2106072567678, 7.374294880108955, 4.558352679480251, 7.303723876848948, 2]
[220, 4.300000190734863, 7217.494738492824, 3.0740101463836393, 1100.8324044314213, 0.8002160666894033, 4]
[221, 6.889999866485596, 862.2552681722602, 6.474702827690184, 39.551159509458664, 5.941886185401057, 3]
[222, 7.489999771118164, 1250.6140145441184, 6.889054541154342, 16.044157348572448, 11.141549259956786, 3]
[223, 7.860000133514404, 288.7969360232737, 7.384557814825149, 22.563737786840647, 6.7377553572917535, 3]
[224, 8.380000114440918, 4623.898089223256, 6.726250858973607, 1151.7826030030847, 1.325305900621118, 5]
[225, 5.539999961853027, 518.6508682636066, 5.041757818311453, 38.72666729707384, 10.184719157393634, 3]
[226, 7.119999885559082, 8568.198453997986, 6.094138817799428, 1097.2746973754809, 1.2966657259963865, 4]
[227, 6.409999847412109, 306.2315382256131, 5.681985983224672, 168.66704052733323, 0.33795901026860536, 3]
[228, 5.690000057220459, 18.780902332854225, 4.341043778140135, 56.973810271098095, 3.4058727201885306, 2]
[229, 3.660000085830688, 3984.756014051939, 2.5084010075191556, 262.48603410646217, 0.7976840978984242, 4]
[230, 7.820000171661377, 328.6489463135161, 6.849176754385738, 25.775258831797267, 25.267277520526438, 3]
[231, 4.900000095367432, 94.69522018765171, 4.560084030407817, 11.38285093987346, 0.7185977234475505, 2]
[232, 7.340000152587891, 457.98631113393157, 6.768647842208839, 239.02003669738744, 0.35797208126248786, 4]
[233, 4.909999847412109, 1054.5877568861615, 3.517157257564606, 186.65632933960256, 2.755770830774357, 4]
[234, 8.529999732971191, 4093.948067822886, 7.1114792229556745, 1160.506490112281, 0.5642776823332513, 5]
[235, 6.690000057220459, 1384.6027601875462, 4.98469261702944, 209.34549294412273, 2.7468442486847215, 3]
[236, 7.840000152587891, 809.4815534013368, 6.448761615221715, 34.73411889653594, 0.1269652369170238, 3]
[237, 4.449999809265137, 30.240712004594954, 3.622702690932128, 23.080518176779403, 1.1760710373855725, 3]
[238, 4.0, 4.281963636449898, 3.7664340983989626, 4.637607061769874, 10.029418034534084, 1]
[239, 4.539999961853027, 1949.9426029415513, 4.125956672193341, 57.189516210928424, 0.38297808578385556, 3]
[240, 9.079999923706055, 448.4788720197813, 8.214448518612805, 95.2484053436203, 0.11994329122094194, 3]
[241, 5.400000095367432, 1476.6270030611213, 4.314177216356817, 45.59285246580839, 3.4600497696472408, 2]
[242, 7.679999828338623, 89.31076440930526, 7.008310814161558, 55.04589006351328, 0.604821709046832, 2]
[243, 4.170000076293945, 956.4479665885292, 3.7931250078337535, 5.318967224098355, 6.56671526906549, 2]
[244, 6.329999923706055, 4361.488727940284, 5.0638204034604986, 36.362801391633035, 27.49579385929849, 3]
[245, 8.529999732971191, 238.7565883577815, 7.200971287650031, 509.4362904632578, 0.8599012692564628, 3]
[246, 6.130000114440918, 1892.3372309567733, 4.524926257520299, 595.2847677003572, 1.1654875991989802, 6]
[247, 7.860000133514404, 2917.395278323943, 6.1462991797351965, 3429.295613960277, 7.926441996884052, 5]
[248, 5.230000019073486, 17748.7725781699, 3.6777600930996277, 2944.1972644776133, 0.9004896262636928, 6]
[249, 5.650000095367432, 895.4654141080964, 4.491947645446477, 87.79008779302156, 5.29974656209231, 3]
[250, 4.25, 611.2527828146915, 3.83329113827476, 147.2577637694776, 0.7687873890044079, 1]
[251, 9.899999618530273, 397.29408887951763, 7.979382379828097, 649.6050749969442, 1.7900258798632867, 3]
[252, 6.849999904632568, 4478.81656831793, 5.062894175670765, 1999.0531953247264, 1.8479789633668262, 5]
[253, 7.820000171661377, 89.83456065152967, 6.116918424104996, 108.19369740597904, 0.6804133067443684, 3]
[254, 6.050000190734863, 311.1106046211912, 5.173296710947057, 39.51702101517031, 2.1372093012940363, 3]
[255, 6.380000114440918, 564.8928879225401, 5.907558689654713, 72.75139993289584, 1.2431375286725823, 2]
[256, 3.150000095367432, 4905.422263101033, 2.5600944903891856, 293.0399932861322, 0.4129129223732009, 3]
[257, 8.260000228881836, 1776.966147975376, 7.000983020042713, 1019.1001575440149, 0.908629487880443, 4]
[258, 7.599999904632568, 302.1485518528176, 6.9339999892494895, 21.4547198731466, 0.03945167833540769, 2]
[259, 6.239999771118164, 2266.489041143158, 4.888450203786477, 15.268458923324896, 23.27168261623081, 2]
[260, 6.260000228881836, 870.9672173026283, 5.77990842564202, 101.46219281014028, 4.313399402233746, 3]
[261, 6.760000228881836, 1184.2500942490271, 5.486826588514912, 1348.0770268951294, 1.721945102987964, 4]
[262, 7.190000057220459, 1258.115906953417, 5.869807700010447, 51.62583609018519, 4.683742456762791, 3]
[263, 5.349999904632568, 177.24161931629618, 4.6591304346271185, 23.333052420057356, 3.177117439225236, 3]
[264, 7.139999866485596, 892.1200248679986, 6.056525198787214, 93.57505798339871, 4.147370990953959, 3]
[265, 4.860000133514404, 1889.811015458494, 4.2245861666428075, 519.75, 4.714285714285714, 3]
[266, 5.5, 7803.461399408935, 4.3258670427792625, 1229.839380407706, 1.037467581160108, 5]
[267, 6.190000057220459, 399.1527641558561, 4.630244890037848, 208.30571430362735, 1.4685135231223276, 3]
[268, 5.610000133514404, 384.68568500348727, 5.170625009319999, 6.803999267517951, 10.370431768518408, 3]
[269, 7.360000133514404, 125.97661525258239, 6.0231840859598185, 17.31021523475647, 0.355299055613851, 3]
[270, 7.349999904632568, 657.555247015201, 6.273943648539799, 162.47197979735262, 2.0838040861749803, 3]
[271, 5.809999942779541, 32.330971966503185, 5.291893324534098, 18.81356003414807, 10.477646951650268, 3]
[272, 7.880000114440918, 3.3524933590431303, 7.542843603974835, 26.60979945678238, 0.7882966877120813, 2]
[273, 6.03000020980835, 231.32479338618867, 4.642738517939834, 189.05100843810962, 2.9911945279492493, 3]
[274, 4.869999885559082, 741.0607731505663, 4.3919318223541435, 108.27513111568987, 1.8309469573706476, 2]
[275, 6.380000114440918, 487.8782308830971, 4.762375695270728, 283.6347260619519, 1.1448527779420397, 5]
[276, 7.03000020980835, 931.1401008246903, 6.7540769301928005, 39.31575238658089, 0.1826861268922623, 2]
[277, 7.239999771118164, 1744.6280260212857, 5.618109614228549, 31.02687481697545, 8.594757384474761, 3]
[278, 4.320000171661377, 3287.42665627245, 2.3864516185656672, 424.26179433613913, 1.2752188432760874, 4]
[279, 5.090000152587891, 490.7046925217547, 3.965258090726791, 200.1831403747201, 0.9416995023626002, 3]
[280, 7.570000171661377, 211.1487314275108, 7.062116793472401, 63.08099127188369, 1.052974087625784, 3]
[281, 7.130000114440918, 1148.0588125878985, 5.213084122399303, 48.26620803214773, 17.10127157129824, 3]
[282, 6.869999885559082, 74.59482931304316, 6.154015443499945, 136.3709116210226, 0.7946552330633323, 4]
[283, 3.890000104904175, 1258.6334952495513, 3.4754700854293303, 45.900020599365234, 3.9705864533429076, 2]
[284, 4.949999809265137, 3275.9298132169774, 3.7078854704218287, 531.4532504333214, 0.7421518597217936, 4]
[285, 6.420000076293945, 6224.931826640672, 4.624292103615319, 766.051727050914, 1.2919923649675813, 4]
[286, 8.260000228881836, 487.63351205626986, 5.52140720689726, 946.3764561401331, 2.3262267503491763, 5]
[287, 8.539999961853027, 177.0473755898003, 7.381199998855591, 24.8975239014257, 0.2841880550882318, 3]
[288, 8.449999809265137, 2497.5930680310184, 6.541782945522864, 1308.4237080917515, 3.8646740123094476, 5]
[289, 8.520000457763672, 3385.3865701773047, 7.079726490860126, 3660.8980474700243, 1.1248031468684847, 4]
[290, 8.819999694824219, 25.35229288102733, 8.09109347291304, 46.174708435821536, 22.580414067960156, 3]
[291, 4.579999923706055, 1978.4556377484892, 3.823739137856857, 36.5366819030605, 0.0325177863651448, 3]
[292, 8.199999809265137, 92.66000339588123, 7.565061728159587, 5.686667385860346, 0.09370932499943685, 2]
[293, 6.610000133514404, 351.2226631696915, 6.276938775120949, 59.56641036376787, 0.3740096370989293, 2]
[294, 7.639999866485596, 340.02114399797165, 6.96936793359623, 145.95371954329286, 0.851793049746587, 4]
[295, 6.099999904632568, 7247.345433331446, 4.793802235451913, 188.2992692748117, 19.220605871512753, 2]
[296, 4.78000020980835, 3708.428767113695, 3.641865294626134, 46.3690091432081, 20.885846245224847, 3]
[297, 7.309999942779541, 1357.0876519449819, 5.982131124194202, 18.681440161074338, 0.04933150687938761, 2]
[298, 8.520000457763672, 237.1241364948484, 8.004969709569759, 51.31614352110784, 0.29185478836488693, 3]
[299, 6.25, 403.392595424513, 5.689058828353882, 44.58235982665803, 3.023440542323319, 2]
[300, 15.93000030517578, 938.4660802489163, 12.519216870687094, 42.993883486953564, 2.0859062929048324, 3]
[301, 17.45000076293945, 2748.52670589629, 14.218858716280565, 7.945068359375, 0.6485770089285714, 4]
[302, 16.61000061035156, 619.7742797875651, 11.721061951291246, 11.15072654420514, 0.9589445046044516, 4]
[303, 17.26000022888184, 414.4811667569092, 13.532151158465895, 22.243306271368432, 1.970228897784728, 5]
[304, 17.23999977111816, 1201.6286828963855, 16.034444455747252, 22.895921386778355, 0.7851842642147083, 4]
[305, 15.06999969482422, 1467.5951153031904, 11.8945630916114, 8.874969482422017, 0.7042277736705352, 4]
[306, 15.34000015258789, 3052.7247534389294, 11.77971868075983, 59.99495513911849, 0.8402351477438256, 5]
[307, 16.17000007629395, 3989.1791963883843, 13.345116282618323, 81.95475954562426, 2.6510639932817757, 4]
[308, 12.26000022888184, 532.2332391994753, 11.397413782004651, 15.286272076424426, 0.1394466612840734, 2]
[309, 14.11999988555908, 4091.1149740591495, 12.578899093359619, 8.744940316770212, 3.5477539556039286, 3]
[310, 16.56999969482422, 125.71322416183855, 13.838152702218792, 18.187599737546496, 0.14788086591189079, 3]
[311, 13.72999954223633, 147.06158024103632, 12.667680019378663, 5.459976196289432, 0.12923020582933567, 2]
[312, 17.11000061035156, 162.10740709587603, 12.85658726238069, 14.973182536887366, 0.736142841555374, 3]
[313, 10.97999954223633, 153.7642933983792, 10.136439172025957, 28.79542803950601, 0.20506256744123808, 3]
[314, 14.59000015258789, 648.1438013058381, 10.577264142486284, 1.9624710083007812, 0.7961901059383808, 3]
[315, 12.32999992370605, 538.3053584910778, 8.154374954955918, 1.166211727890193, 0.8235395943593656, 3]
[316, 14.97000026702881, 3099.689268842857, 11.78300653485691, 36.65596533194102, 3.6708740958213038, 4]
[317, 12.63000011444092, 128.32979527122254, 8.059910305946932, 29.671200218546378, 0.3280756832952141, 2]
[318, 17.51000022888184, 6329.988875049799, 14.385151522087329, 7.9100341796875, 0.16142926897321427, 2]
[319, 14.78999996185303, 8207.414267276246, 10.534033143059325, 118.74668039567752, 12.599441335228667, 4]
[320, 17.20000076293945, 40.08986346439278, 13.427986631457438, 3.27669538557538, 0.6958625151182559, 4]
[321, 16.26000022888184, 8220.620859512203, 13.164925351071714, 18.683134089156514, 6.464659439298926, 3]
[322, 18.29999923706055, 230.23668827116353, 14.928421050623843, 17.441930053755595, 0.8278847112795226, 4]
[323, 17.04000091552734, 88.09877649845212, 13.743366265060878, 14.880790881346911, 0.8516739949003524, 3]
[324, 19.46999931335449, 111.2442059063133, 16.48324741284872, 3.779082296649086, 0.36222494118537174, 4]
[325, 14.94999980926514, 28.21963062118681, 10.553629601443255, 24.667545318603047, 2.759192255285759, 4]
[326, 15.3100004196167, 2301.5780414828528, 12.702000045776368, 31.537185180932664, 1.4276605415232604, 3]
[327, 20.15999984741211, 1683.3395929248, 16.80198628771795, 45.551637762459144, 2.429561160231305, 4]
[328, 15.23999977111816, 450.49616993412064, 10.659754076942068, 9.23397958371774, 1.5637919774948006, 3]
[329, 18.23999977111816, 508.98546947205745, 13.757263198651765, 7.23136947024594, 0.6040466761335909, 4]
[330, 17.0, 3149.019895851685, 13.83848840247753, 55.375492736696835, 2.926428185574696, 5]
[331, 12.89999961853027, 149.65764608443206, 9.0115384403457, 1.7160175361641448, 0.8391693363710861, 3]
[332, 15.09000015258789, 671.8780505660384, 10.957880192637992, 17.002966110245524, 0.35302576076883657, 3]
[333, 14.6899995803833, 2719.003906605717, 9.676497185971105, 52.055726073682514, 4.0167000101726105, 5]
[334, 16.79000091552734, 54.811887438150265, 13.455820830900278, 9.05999755859358, 2.264999389648395, 4]
[335, 16.36000061035156, 2697.72986195396, 13.275114800500088, 48.2560236206046, 0.35862048780744515, 3]
[336, 16.20999908447266, 2049.8036967736607, 10.814210513181854, 2.303003112785545, 0.3836749437915291, 3]
[337, 24.89999961853027, 331.34215324771327, 21.355203240867553, 3.549473464954639, 1.4774315810198835, 4]
[338, 18.02000045776367, 1631.055105935755, 14.197350461258848, 23.4918668395842, 1.3254200245373116, 3]
[339, 14.85000038146973, 1433.8475131263965, 11.579937505722047, 116.88337207026899, 3.794581635626779, 4]
[340, 17.03000068664551, 111.93578732704043, 14.999745870040634, 2.431989868171548, 1.4843716472354236, 2]
[341, 17.73999977111816, 1338.507788469421, 13.548144355262679, 4.244979858398523, 0.5300378506033344, 4]
[342, 15.05000019073486, 495.7951283059791, 10.595769238471984, 10.207749316469016, 1.009433600122856, 4]
[343, 14.77999973297119, 3570.802633675866, 11.634000009809222, 6.819998681545258, 4.2282775855440216, 3]
[344, 17.73999977111816, 93.30190859693943, 15.153445984866169, 5.587501525878898, 0.2796419817986929, 3]
[345, 16.52000045776367, 1814.9333241413058, 13.56893941067686, 47.66020359494749, 2.794192789201309, 4]
[346, 18.76000022888184, 228.97706352574156, 15.527696924498587, 17.004009033204106, 3.577982550387208, 3]
[347, 14.39999961853027, 1990.6894396062867, 11.508468718826771, 19.064040564000265, 0.13261031133554363, 3]
[348, 14.97000026702881, 1322.938228467025, 10.758833332856495, 1.92398629756622, 0.21959203451776407, 2]
[349, 11.07999992370605, 3.129891204257552, 9.974108551823816, 3.2883140365593135, 2.575209976234201, 2]
[350, 14.02000045776367, 2350.29623454594, 13.019354839478769, 5.521104382351016, 0.1339541428099478, 2]
[351, 13.07999992370605, 57.2121641183998, 8.552436555702673, 17.043092902773676, 9.931301671788116, 3]
[352, 15.84000015258789, 965.8211095612108, 13.320807785708924, 26.58818227238953, 4.982677019720785, 4]
[353, 19.06999969482422, 141.8833287771189, 16.113922419219183, 3.5749979019165234, 0.4727269952947469, 4]
[354, 11.0600004196167, 2913.867730345614, 10.16744829539595, 15.546375671401664, 0.15453519258328396, 3]
[355, 19.40999984741211, 755.8875231085735, 16.520879762263593, 25.834877832036437, 5.289592603972005, 4]
[356, 15.10999965667725, 7968.9040944325525, 11.702229725347983, 35.44785571284616, 2.009533151680304, 4]
[357, 16.07999992370605, 759.7841477475876, 11.981452994876438, 1.4625167846679688, 1.0683638070893868, 3]
[358, 16.95000076293945, 255.9244355411642, 13.916190487997872, 6.383972411975178, 1.4476043770799318, 3]
[359, 16.01000022888184, 794.3417251821868, 13.493580235375298, 24.785265507525764, 1.1078201918796333, 6]
[360, 16.55999946594238, 1124.3632204975374, 14.0376303162055, 47.33374789124267, 2.645388548702809, 4]
[361, 11.01000022888184, 260.0194883356462, 8.795638290944433, 30.793099896283383, 0.5248030151064008, 4]
[362, 17.44000053405762, 298.9677224888247, 15.729459442227043, 56.240016937255334, 6.085524483071088, 5]
[363, 15.17000007629395, 1460.032080729961, 9.192457637544406, 10.598349267616634, 0.6183592684598747, 4]
[364, 17.02000045776367, 2432.1222690347854, 14.219616239818977, 21.9360833587642, 8.568717187767913, 2]
[365, 17.32999992370605, 1228.1493759625218, 12.522012958278903, 6.488113073632273, 1.0987742697108727, 4]
[366, 11.14000034332275, 6657.209938530538, 10.138306452381995, 6.593456884845701, 0.164034483920492, 2]
[367, 12.02000045776367, 680.9125242931918, 10.705544608654362, 4.558813639829397, 3.3879197798004226, 3]
[368, 17.28000068664551, 1996.915905668275, 13.524249108283074, 44.54098684689879, 2.290252877460758, 5]
[369, 16.43000030517578, 257.211496687222, 13.516567208873692, 2.70000457763679, 0.5787027225589358, 3]
[370, 16.93000030517578, 1063.9699990132974, 14.332418630289476, 19.573425866663328, 1.039173633915331, 4]
[371, 22.89999961853027, 735.3757780284167, 18.874406744146462, 59.063356896978554, 5.049709324374388, 5]
[372, 20.67000007629395, 740.1708105101624, 15.908435373890157, 16.925186047330573, 1.6222863122190578, 3]
[373, 19.43000030517578, 2394.402099287447, 15.218452374140421, 10.729537807583256, 0.90144607267249, 2]
[374, 17.28000068664551, 437.66208125154435, 14.820935235606681, 10.502857806394264, 0.22580771463826652, 3]
[375, 16.45000076293945, 52.64127215619139, 13.940106943966871, 20.111813946627347, 0.9065784187951241, 4]
[376, 18.76000022888184, 8451.039070537065, 14.151925477922333, 62.2181153073911, 1.1804359888354654, 3]
[377, 24.8700008392334, 2868.313693133584, 19.549125705260398, 12.544239331036923, 1.366342018592552, 3]
[378, 13.61999988555908, 1382.674947326727, 11.227885478393622, 9.150429488578538, 0.9901348128485832, 3]
[379, 20.68000030517578, 247.73417601705555, 19.296346169251663, 14.462344262748957, 1.8985509650097578, 2]
[380, 16.28000068664551, 3644.834078133717, 13.065876271306854, 12.360595034981088, 0.8650795763262636, 4]
[381, 17.29999923706055, 1246.3295315736725, 13.21687857126225, 15.284528930671629, 1.0311675134950669, 3]
[382, 14.03999996185303, 774.5436765542721, 10.38510344603966, 51.99675816611851, 3.048422352067507, 3]
[383, 19.15999984741211, 1635.090865790014, 15.80740750056726, 12.08788140257809, 1.370367135561711, 4]
[384, 22.35000038146973, 2895.96120926519, 18.96607145808992, 19.454202251973992, 1.0924244560874468, 4]
[385, 18.69000053405762, 189.72541189518572, 16.415418553457386, 21.879902398679405, 1.0662258570860759, 4]
[386, 17.21999931335449, 629.7744324868687, 14.174842171919973, 12.218569189310244, 1.296407483250146, 4]
[387, 25.82999992370605, 5578.818205408909, 20.41292452812195, 23.184223461895634, 1.0020810334107377, 4]
[388, 16.42000007629395, 2295.4857727537196, 13.2355828958055, 20.35672443243657, 1.1650659628680422, 3]
[389, 16.32999992370605, 2402.115735944207, 13.812079663825246, 20.37761942134221, 1.2864361488002156, 4]
[390, 16.42000007629395, 579.5164114097493, 13.711028063408682, 15.247790209948796, 1.0180897706841476, 4]
[391, 14.85000038146973, 12763.550038512547, 11.159470898764473, 89.87518635252448, 0.6158945374645796, 4]
[392, 18.63999938964844, 219.3071943857737, 15.467126417434079, 8.546968887327239, 0.7848514343314776, 3]
[393, 15.27000045776367, 558.9964943633976, 14.10184525308155, 12.876586395315567, 0.6219813608147727, 2]
[394, 15.1899995803833, 1337.8819028232524, 12.532399994532268, 19.161944604479032, 0.933777511300951, 3]
[395, 17.26000022888184, 500.66180671177824, 12.599933791634262, 12.201829705853015, 0.5842476410526949, 4]
[396, 9.010000228881836, 96.24830208700182, 8.03618181402033, 2.4744834594895595, 0.4122431693478804, 3]
[397, 13.75, 749.5450437587417, 11.648558526425749, 12.56617597967849, 0.33770939396990474, 3]
[398, 20.84000015258789, 8518.603818082676, 18.05555553053632, 69.58436129149075, 1.211080535386085, 4]
[399, 13.88000011444092, 68.21128639805224, 9.27954751441921, 35.980307223507744, 1.1851172863181756, 3]
[400, 13.09000015258789, 413.72608501438725, 9.957238983942018, 6.397294116206615, 0.9536697734155212, 7]
[401, 12.59000015258789, 462.54314436003415, 8.48231439736808, 73.00644423812675, 1.0752459186394545, 16]
[402, 9.869999885559082, 399.3105790313079, 7.793745312351413, 6.949609899893403, 0.8150706764559873, 6]
[403, 11.3100004196167, 36.10055624765067, 8.616723543954791, 19.03908776864387, 0.8195033619936529, 11]
[404, 13.75, 2625.298855710557, 8.792878012878342, 131.85478995367885, 0.961571589219561, 24]
[405, 10.10000038146973, 242.7140124267976, 7.601542302032016, 13.208792163059025, 0.7559830619843813, 7]
[406, 7.300000190734863, 255.11012423414124, 4.5335135124623775, 26.875194592284682, 1.037327823381759, 11]
[407, 22.05999946594238, 8326.847404138676, 12.451697370050551, 166.98352280259132, 1.0930441567163443, 34]
[408, 25.85000038146973, 1459.8955794449703, 19.703664109502636, 50.99274949030998, 1.1060421854072386, 18]
[409, 12.18000030517578, 770.6812582682774, 7.871977288713682, 43.87856542971003, 0.9189584281026518, 19]
[410, 9.630000114440918, 730.2604829644869, 7.3829456592109555, 81.96105148922652, 1.0803688741420208, 11]
[411, 17.09000015258789, 5168.845571893943, 11.420134995213921, 148.3845673827454, 0.9272740431588637, 29]
[412, 10.73999977111816, 360.33534033011847, 8.139636865541256, 11.451014617923647, 1.0515145490107227, 7]
[413, 16.79999923706055, 1934.227974362648, 11.26692536112088, 56.89754358516028, 1.2020373175540755, 16]
[414, 10.68000030517578, 366.0474314349406, 7.631598957262888, 29.09743408206865, 0.9115043291796928, 11]
[415, 11.63000011444092, 173.32617526804142, 8.760856650092386, 22.049865722656534, 0.8819946289062613, 14]
[416, 20.28000068664551, 904.5920828473046, 13.006655441385682, 109.02603775635393, 1.0837483988158052, 32]
[417, 17.75, 1812.1445309884791, 11.051138289784443, 69.8871098998934, 1.0120344323581973, 18]
[418, 10.02000045776367, 147.40438482587192, 7.349534862725309, 4.922585317981615, 2.1589496660232212, 4]
[419, 26.28000068664551, 1573.3818880794925, 20.535012589654034, 66.33197548217095, 1.107232134056194, 18]
[420, 9.84000015258789, 719.579197612775, 6.334896550624829, 28.77260210266076, 1.193482849788704, 11]
[421, 20.69000053405762, 3031.4193359252286, 15.028413912457115, 80.5395058349247, 0.9768739938090979, 26]
[422, 13.47000026702881, 84.97137283048602, 8.743808066442984, 94.09932355955243, 1.0926741360202836, 26]
[423, 17.97999954223633, 396.38853865930713, 11.422596243309355, 58.84296588134018, 1.1288078280533507, 19]
[424, 13.77999973297119, 116.60719400135676, 11.155403070139027, 15.67354276085108, 1.046508871365196, 11]
[425, 10.72999954223633, 271.3120117867487, 8.984261172743597, 16.80915012210584, 1.014741388359866, 9]
[426, 12.64000034332275, 53.93915401922007, 10.375364254642006, 7.193944467231631, 0.7940196893503123, 7]
[427, 13.72000026702881, 59.60089339397864, 8.449391477731856, 86.97898779010751, 1.3936706567876462, 23]
[428, 9.399999618530273, 55.82738712048683, 7.601319995880127, 6.4507189720168965, 0.9766510022086777, 5]
[429, 22.6299991607666, 258.8847599131314, 16.939901036883615, 185.03995279083006, 0.8083275343902528, 26]
[430, 19.81999969482422, 1923.548441356028, 12.507614985412193, 88.92240621335725, 1.0106599992191638, 27]
[431, 11.89000034332275, 60.06447774407326, 9.582998184225023, 14.604829821735713, 0.7276814452266805, 8]
[432, 26.65999984741211, 10693.640453922333, 15.827742379678144, 94.4628018066287, 1.895185482964615, 23]
[433, 23.55999946594238, 542.4211541035993, 16.680252806256327, 53.201243847608566, 1.1641987792986384, 24]
[434, 16.44000053405762, 997.0164215522987, 10.742677255577481, 52.778191296383326, 0.9876885953559829, 18]
[435, 14.06999969482422, 607.9742464510517, 9.410353661316716, 56.13715863041621, 0.9492868651432946, 17]
[436, 11.60999965667725, 284.25055854501954, 8.734974362077692, 54.08527941908647, 1.082039461473042, 14]
[437, 11.60999965667725, 705.8325062705189, 7.6439944126918995, 78.69540032348651, 1.0615561837080152, 19]
[438, 10.02999973297119, 117.92920751471658, 7.9134824841866696, 14.141056579537791, 0.9063341406977263, 8]
[439, 13.81999969482422, 1366.7978467460973, 9.732471109884756, 73.55882878415237, 1.0575552994127082, 22]
[440, 19.72999954223633, 736.6915154819123, 11.058869182951678, 117.0935507099261, 1.0560299064856318, 30]
[441, 12.25, 1055.3838152280125, 8.585024166829426, 110.45880696410313, 0.9162107907955344, 17]
[442, 17.20999908447266, 2127.884118340055, 9.17875054200882, 107.22592911624815, 1.9581067631939713, 28]
[443, 14.97999954223633, 3062.448824434173, 9.042837574302162, 219.65857914352003, 1.0726769165888783, 35]
[444, 35.63000106811523, 11865.200936887144, 24.175864184822217, 146.0295660095299, 1.166219857421041, 35]
[445, 11.06999969482422, 949.8670502814083, 8.974538164445196, 15.118255230598436, 1.3633543503363588, 9]
[446, 16.67000007629395, 1016.5462999107729, 11.104510874204014, 102.56974997557552, 1.1037326993453394, 27]
[447, 10.31999969482422, 189.75718281875592, 7.968346440573064, 10.038630072027544, 1.2272758799144106, 7]
[448, 10.96000003814697, 359.8624281959773, 7.684642846539894, 26.00630507804483, 0.9767392345771122, 13]
[449, 11.30000019073486, 74.83320392308877, 7.800296277306093, 85.89199871826048, 0.8852794488865393, 21]
[450, 16.6200008392334, 3306.5710107284485, 11.661467865466552, 80.32405011748781, 0.9207716103997067, 23]
[451, 22.53000068664551, 2994.646968046736, 15.677874781263373, 120.46419822983319, 0.9450819162537739, 32]
[452, 10.78999996185303, 315.10939402594477, 8.391391995239259, 16.6919691162183, 0.911213787104212, 10]
[453, 14.89000034332275, 661.0152802710547, 9.111013137079016, 91.07278715819183, 1.3577523568207976, 19]
[454, 9.84000015258789, 824.3908944702192, 7.648877301975579, 11.284755413886066, 0.9591839458336564, 7]
[455, 10.6899995803833, 365.0640951105488, 8.01356230680935, 14.874457519501787, 0.8472519628836623, 10]
[456, 14.14000034332275, 1008.4481357149934, 8.324432360187412, 28.3445632175426, 1.0402284287376038, 18]
[457, 8.8100004196167, 341.9588876437763, 7.128115399067219, 10.658560339361586, 0.7043677800223483, 5]
[458, 12.47999954223633, 188.15952021115402, 10.380727913392064, 12.485146679682709, 0.942311884300989, 10]
[459, 8.15999984741211, 118.19776308189495, 5.840187499920527, 27.180561804212477, 1.049115948893518, 10]
[460, 18.36000061035156, 1564.3480696556744, 11.610933380495561, 68.58606039429945, 0.9448355651390603, 21]
[461, 10.72000026702881, 705.0120024082167, 7.998939381404356, 13.354790759273078, 0.9650524623247348, 9]
[462, 9.930000305175781, 548.4754840035703, 7.636022218068441, 12.739997863769432, 0.9615386227683045, 8]
[463, 14.10000038146973, 287.6244879627152, 11.354104936858754, 12.993989730835775, 1.0252814948480193, 11]
[464, 29.0, 3707.0507934674083, 20.599399435865966, 145.23329422622854, 1.1000865860654818, 32]
[465, 14.40999984741211, 247.639293031865, 10.916855048977089, 20.38958477787693, 0.5837580489416909, 13]
[466, 15.89999961853027, 188.41244412597382, 11.030988622712547, 55.290969049092325, 0.8836918150427402, 21]
[467, 28.64999961853027, 3722.8903256667963, 21.130299452919374, 63.091217297362164, 1.1397845106934543, 25]
[468, 13.60999965667725, 192.47807439668898, 10.616153850922217, 14.245041351299733, 1.040536695204632, 10]
[469, 16.52000045776367, 3512.4775110551946, 12.549762162453158, 123.3199665164575, 1.0045115391289259, 26]
[470, 17.57999992370605, 7741.491981285936, 13.081048741418927, 194.11207592766573, 1.0682479347449592, 31]
[471, 18.95000076293945, 651.0032345831395, 11.801885473528388, 82.84788722230641, 1.1123997701454198, 25]
[472, 8.1899995803833, 3169.255956218373, 6.5507498591302395, 64.16003417968727, 0.9975057030169423, 9]
[473, 13.75, 104.65750154855353, 10.51688151653344, 21.067806286737195, 0.9913213867245866, 14]
[474, 18.93000030517578, 1720.7609424375917, 11.920306127988653, 85.52687971200686, 1.1069398779992505, 29]
[475, 10.81999969482422, 925.4369828964751, 6.608749038405152, 82.47409265139194, 0.8967677315727186, 16]
[476, 15.39000034332275, 589.9889760948292, 9.70383704025285, 72.36944882199168, 0.8954406892431361, 20]
[477, 14.88000011444092, 254.4704013954779, 11.61757886731457, 63.679478322742625, 1.0075476003625752, 18]
[478, 8.699999809265137, 830.5899649781873, 6.751435546437278, 50.54197186278174, 1.0834541599737284, 11]
[479, 18.10000038146973, 2560.2158668545217, 13.025489555333706, 24.167963745072665, 2.3899445308151654, 10]
[480, 11.80000019073486, 1361.3657440551842, 8.571888669584665, 32.76259418949515, 0.8606178713806566, 11]
[481, 27.57999992370605, 2428.4181229150054, 19.50205847602573, 131.66050363797638, 0.7948710652676543, 33]
[482, 21.18000030517578, 222.3814996951424, 12.003215836410112, 151.04399903869546, 0.9983737916055944, 30]
[483, 7.389999866485596, 401.8619847286677, 4.847027985753212, 55.561630056764, 0.9226808570779046, 14]
[484, 16.10000038146973, 2111.430689196782, 10.41983546091999, 80.30092678219133, 1.0933473873129527, 24]
[485, 13.01000022888184, 444.4448782518337, 10.487999977820959, 16.357845599297207, 0.96836505119658, 11]
[486, 18.53000068664551, 5982.234450417566, 12.085561896416083, 88.71702973637788, 1.2051296643416756, 27]
[487, 9.859999656677246, 116.13196969732098, 7.885782322916044, 3.3170055847149342, 1.3806420492021145, 5]
[488, 18.70000076293945, 7116.999569879187, 11.217581662317537, 185.8777083130569, 1.0847964600532014, 37]
[489, 11.46000003814697, 350.7649606798085, 8.634041263640505, 76.21045906981477, 0.988611519518389, 15]
[490, 11.84000015258789, 353.13016715077225, 9.32746925421046, 18.672082183882537, 1.233929299902717, 9]
[491, 23.34000015258789, 6016.243893219198, 13.85910625452513, 100.75307136215328, 0.9571176594814437, 29]
[492, 15.82999992370605, 237.92159157849784, 10.002395279790642, 80.4608902160544, 0.9977715058605107, 22]
[493, 11.85999965667725, 451.900315359311, 7.273612067256585, 68.14472301024938, 0.9963711944706736, 18]
[494, 7.599999904632568, 1416.1285341557025, 4.91328185635644, 31.170758265681798, 1.139577608020929, 15]
[495, 11.53999996185303, 46.71250583395566, 7.4383388117483475, 40.565322818365225, 1.1975919562332253, 21]
[496, 15.17000007629395, 773.6820991671764, 9.659321471939634, 106.50656936038156, 1.0629382994761458, 32]
[497, 11.10999965667725, 636.7277876990603, 7.443952092153584, 36.53766245115509, 0.7630041233930812, 12]
[498, 18.90999984741211, 516.519465549217, 12.962448459824705, 40.32736638793778, 0.4148069051432697, 14]
[499, 11.89999961853027, 18.605279706565256, 9.169774837683368, 44.16750633239264, 0.7748339217901512, 14]
